public HW02_4108056004_2(){
}
public static void main(String args[]){
    int [] A ={-1,1,2,4,8,-3};
    HW02_4108056004_2 test = new HW02_4108056004_2();
    System.out.println(test.T_sum(A));
}


public static void main(String args[]){
        
        int [] A = {1722, 5541, -9997, 3176, 6110, 4355, -1123, -8189, 1264, -4455, -2872, -6931, -3732, 7302, -8869, 1617, 9649, -8024, -7439, 8752, 2187, -2627, -4210, 1871, 7822, -8712, 135, 568, 567, -1551, -7527, 272, 9416, -2327, 78, -4242, -7066, 6248, -6355, -1092, -9435, 8468, 5974, 7800, -1359, 5660, -6772, 7477, -4351, -3752, 2385, 6675, 3542, -3949, 1213, -631, -310, 1431, -4933, 5129, 7532, 885, -1279, 8134, -6912, -5752, -9263, 1031, -847, 2986, -7038, 6993, -601, 9862, 8346, 891, -9522, -8252, -3435, -1111, 1880, 5519, 8816, -5381, -9525, -6351, 698, 9714, -527, -6490, -4824, -3399, 53, -3527, 2267, -2050, 8793, 71, -6820, -3014, 9951, 4044, -6484, 6926, -4878, 2591, 1606, 3922, 4995, -6102, 2757, -1567, -1537, 1364, -9454, -2296, 9779, 9742, 3243, 7746, 1577, -4125, -2789, 3147, -7921, 7495, -5150, 2208, -1432, -7037, 1219, -448, -6667, 9780, 371, 8700, -6778, 449, 224, -6915, -607, 420, -6976, -4498, 9988, -5149, -2577, -6717, 5181, 8354, 7717, 9228, -8591, -4884, -4005, -3145, 9601, -4549, -6303, -7446, 830, -628, 585, 2017, 7654, -8886, -6589, -5760, 6598, -9130, 1397, 6634, -6065, -884, 1386, -9977, -9797, -2699, 7214, -3886, 2477, 8030, -7987, -9487, -4559, -5874, 6096, -9257, 8574, -6786, 4638, -5886, -2354, 9717, -2420, 4486, -6327, -6844, 4614, 1869, 3206, -656, -6012, 4263, 27, -592, 5472, 7271, 259, -9599, 5066, -6245, -9586, -9080, -8191, 3151, -8967, -4757, -4456, -1913, 7349, -9642, 4489, 2813, -8363, 3826, -9288, -8706, 4983, 7483, -9050, -515, -4040, -4964, 8817, 2249, -324, 6220, -2009, 569, -809, 6580, 8591, -5744, -5329, 1181, -9635, -235, 788, 9476, -3341, -2813, 5590, -578, -3159, -108, 526, -6393, -954, 5346, 8359, 535, 9972, 6231, -6629, -9862, -6027, -2713, -3440, 4155, -242, 5190, -2531, 9288, -182, -3695, 3824, 3787, -5016, 254, -9662, -3350, -5429, 6092, 8839, -7331, 2182, -6677, -3736, 8120, 964, 5530, -7623, 8613, -4606, 9406, -6314, -4862, 6011, -142, -9762, 7493, 4448, -2874, 9725, 503, 8884, -6385, -8346, -6089, 6930, 155, 8663, 7352, -9548, 4729, 3671, -5424, 6287, -6273, -6258, 7504, 1433, 3435, -9756, 4607, -5099, 1161, -9657, 4292, -3238, -3056, -9041, 5961, 3838, -5958, 3105, -1143, -8976, -779, 1852, -8012, 7403, -7714, -4847, 7202, -2849, -1574, -6605, 1846, -3406, -3379, -9222, 7475, -9095, -7293, 9452, 6754, 6526, 6633, 7900, 1903, 8768, -9937, -3926, -5009, 7923, 2615, -8367, 2859, -8206, -7030, 7631, -2276, -5603, 5272, -2492, -7003, -6522, -6878, 1961, 8910, 5383, 61, -9533, -9114, 9484, -5432, 4512, 4625, 4988, -9968, 8964, -3318, -2119, 6136, 691, 6647, 7670, 3268, -76, 7825, 5271, 8031, -7062, -6683, 1772, 5921, -6566, 5338, 1994, 5830, 4374, 6979, -3624, 281, -7934, -2372, -9894, -4829, 9902, -3956, -640, 3270, -9515, -1707, 1067, 6869, 1686, 1698, 4884, -3347, -5200, 3820, 6308, 993, 4402, -6513, 5304, -3873, -4220, 8956, 5926, -6668, -9798, -7005, 4875, -2204, 8903, -318, -5376, 8845, 1958, -6524, 5156, 666, 7998, 5289, -7071, -5081, 5585, -5596, 496, -3991, -9125, -2165, 7748, -7063, 6329, 7265, 3582, 389, -3878, -2289, 5513, -3832, -4784, 1790, 3928, -7970, -8787, -1157, 7579, -9294, -9283, 9027, -2620, -6921, -4748, 9194, 6441, 5723, -541, -2022, 7261, 8940, 7289, 8285, -9999, -5102, -645, 8509, 9334, 451, 5661, -3390, 2482, -6424, -8937, -8075, -8013, -4527, 2512, 2849, -4339, 8029, -4165, 8025, -2600, 1970, 7231, 9973, -3861, 3889, 8780, -2838, 5806, -9432, 6700, 9376, -3916, 2153, -4493, -6282, -7322, 7868, 9540, -4666, 6342, -3202, 1448, 9227, -9811, -2036, 182, -5792, -8233, 1262, -1518, 2881, -6021, -1566, -8817, 275, -5731, -1945, -3336, -9831, -7778, 4450, -3811, -3386, 2802, -1127, -626, 1986, -777, -7633, -1870, -221, -8435, -5620, -8616, -261, -5537, -4762, -8759, 3601, -9660, 7965, 7520, -5107, 7100, -2758, -6663, 6245, -7256, 3485, -1785, -1207, 7314, 3237, -3088, 3421, 7596, -8663, 6042, -2037, 2338, -4943, 1285, 9762, 4344, 4016, -9839, -9512, 357, 4756, 4138, 
9516, -3690, 6774, 7374, 9843, 314, -1440, 6865, -6972, -6200, -7586, 6244, -3874, -8177, -3741, -5448, -7624, -1800, 7545, 5656, -1543, 2843, -1598, 4626, 5627, -3945, 6319, -2305, 2485, 9360, -8577, -4598, 1896, 8087, -539, -2571, 1826, -2357, -2723, 7175, -7354, -7195, -9429, 4310, -8052, -2649, -7422, 4331, 1985, 9909, 6695, -4397, 4555, -8773, -3927, 6360, -6538, -2161, -1165, -3100, -4299, 7677, 8919, 9022, -5771, -665, -167, 5794, 7587, -2792, -7122, 882, -6839, 8148, 2030, -5256, 1696, -8826, 2804, 1987, -2003, 4886, 
9414, 408, -147, 580, 4343, 5763, -6359, 8623, 5907, -6411, -1508, -9303, 1183, -9118, 7056, -7582, 638, 7724, -2352, 8337, 328, -8286, 9864, 4488, 7705, 6547, 3842, -7583, -2124, 209, 1845, -6992, -1400, -2149, 167, 8470, -5661, 9872, -811, -3540, -7652, 9893, -8406, 7129, -2442, -3701, 6525, -6543, 5583, 4941, 7249, -7252, 3776, -5000, -4564, -7251, 
6818, -4474, 4410, -3733, -2763, -37, 4748, -8855, 1883, 2312, 472, -9304, -5711, 4177, -2478, -8499, 4412, -2573, 2397, -6205, 9010, -6690, 796, 8543, -7061, 5607, -6447, -5079, -5382, -9613, -7981, 1877, 673, 9478, 1900, -5101, 3096, -3204, 7021, 429, 3562, 5409, -202, 941, 9136, 3302, 7226, -9974, -3637, -6933, 9850, 6491, 6881, 7574, 9196, -8692, -7091, -546, -5652, 9153, -8113, 7076, 2812, 4743, -8231, -8734, 2642, -4859, -2732, 2510, -774, 1092, 9274, -8752, -5642, 9342, -1499, 4170, 2693, -1896, 8404, -7201, -741, 5102, -1934, -1244, -2233, -1450, -5021, 6898, -8515, 4984, 8195, 986, -1371, 8506, -131, -5809, 4495, 6377, 3705, -3352, -1704, -4743, -6533, 7356, 1555, 5019, 94, 8833, -7455, -1811, -2369, -9645, -2423, -8225, 3218, 193, -2164, -5352, 2443, 3876, -5202, 2635, 9775, -1019, 5665, 4466, 7294, -7508, -9393, 1006, 2998, 2603, -3430, 7399, 2699, -3437, 8575, 
8367, -5162, -5557, 3427, 7820, -2896, -3522, -9420, -4647, -4321, -1364, 7480, 7747, 8586, 1684, -1942, 9522, 908, -1374, -3436, 8219, 2892, 5482, -425, 8763, 5637, 4130, 5507, -1788, -1236, 1310, -5023, -5548, -8321, -2045, -3638, 4462, -677, -6345, -7535, -8060, 7452, 1411, -5120, 6738, 2438, -4821, -4746, 7639, 4140, -7862, 9066, -5327, 4682, 6627, -5411, -2439, -9204, 3316, -2637, 2779, -7097, 3478, -1149, 3361, 106, -3181, 2709, 7838, -4856, -5428, -638, 5234, 6343, -4073, -3885, -8815, -3068, -3106, 3276, -9298, 5100, 
-4978, -8080, -5995, -7676, -5312, -3876, -8875, 6866, -5277, 2441, 547, -5663, 8370, -9292, -9749, -4199, -4248, 9233, 3845, 653, -9585, -9929, -320, -7595, -1949, -2489, -4488, 9215, 1425, -290, -7483, 3167};
        HW02_4108056004_2 test = new HW02_4108056004_2();
        System.out.println(test.T_sum(A));
    }
